-1.084115056309778585e-01 1.005757803121500385e-02 1.291705290935077875e-02 6.368214332899492236e-01 -5.464863645635411604e-01 -3.112328731103662996e-03 -4.730109570519587803e-01 8.665790014212632411e-03 1.437287179247784090e-02 5.647215080899857798e-01 -9.858276760439105280e-02 2.707938296060019394e-03
-1.248524113415777070e-01 1.021091073248762277e-02 1.276287029179629454e-02 6.620414596443930932e-01 -5.552657156848335163e-01 -3.053239273238827090e-03 -4.711915062279588562e-01 8.723069537120547653e-03 1.433421506672961400e-02 5.736012982637310742e-01 -1.092809305021740091e-01 2.608334546284811570e-03
-1.406065829652171917e-01 1.035171343501785531e-02 1.261461526486986479e-02 6.855851723067708514e-01 -5.630555710417939341e-01 -2.992572174694209386e-03 -4.692008319106713565e-01 8.778009650869143116e-03 1.429735695931961571e-02 5.821301607572406667e-01 -1.197994006298690184e-01 2.508802286871938177e-03
-1.557445161354246987e-01 1.048123483804908398e-02 1.247192858839121267e-02 7.076116802366337888e-01 -5.699445333052450824e-01 -2.930382222737958758e-03 -4.670455105710222266e-01 8.830725254422928244e-03 1.426226561529334545e-02 5.903219369341110578e-01 -1.301454421215340884e-01 2.409338174848054456e-03
-1.703236166641813876e-01 1.060050349854201046e-02 1.233452277813017195e-02 7.282510855752712953e-01 -5.760052901704388884e-01 -2.866713021131975410e-03 -4.647315671370940149e-01 8.881321170941322909e-03 1.422891192249780244e-02 5.981892339820646942e-01 -1.403256363332983092e-01 2.309938626880580527e-03
-1.843912188652818973e-01 1.071038245292591645e-02 1.220216488981957018e-02 7.476112201753318809e-01 -5.812983318131164090e-01 -2.801603869063865309e-03 -4.622645146733578292e-01 8.929892891425506365e-03 1.419726934770134189e-02 6.057435061938521992e-01 -1.503459236685986133e-01 2.210600379034154822e-03
-1.979867632805962230e-01 1.081160506197692203e-02 1.207466450534834534e-02 7.657825085327514270e-01 -5.858746358284681044e-01 -2.735090915999930771e-03 -4.596494136299738020e-01 8.976527606031644776e-03 1.416731364105576312e-02 6.129951875736930900e-01 -1.602116769268392138e-01 2.111320451492147785e-03
-2.111433949386502806e-01 1.090480134420354803e-02 1.195186491414661906e-02 7.828415358113048894e-01 -5.897776368003097014e-01 -2.667208006120124278e-03 -4.568909224210003783e-01 9.021305085573182517e-03 1.413902258342661193e-02 6.199538050766753017e-01 -1.699277639573199272e-01 2.012096118375871715e-03
-2.238891603229799798e-01 1.099051771212655043e-02 1.183363650542545303e-02 7.988537191093693091e-01 -5.930447004513622611e-01 -2.597987307233185460e-03 -4.539933408230580336e-01 9.064298438862132545e-03 1.411237576924775049e-02 6.266280758151943076e-01 -1.794986014607566349e-01 1.912924881815709303e-03
-2.362479198279585635e-01 1.106923202353847675e-02 1.171987172668971858e-02 8.138753428767491194e-01 -5.957082464907894614e-01 -2.527459786354285202e-03 -4.509606473908669422e-01 9.105574766499474962e-03 1.408735441899288017e-02 6.330259909065630852e-01 -1.889282014159456569e-01 1.813804449569452002e-03
-2.482400542813298083e-01 1.114136523574233047e-02 1.161048117517828743e-02 8.279551340179438501e-01 -5.977966171067031764e-01 -2.455655573783413741e-03 -4.477965318562630581e-01 9.145195727777874484e-03 1.406394121648861864e-02 6.391548881221161826e-01 -1.982202113251584352e-01 1.714732715616156455e-03
-2.598830196492939448e-01 1.120729055075579510e-02 1.150539052408025564e-02 8.411354975509058862e-01 -5.993347578502830064e-01 -2.382604244501273800e-03 -4.445044232969243003e-01 9.183218034258443241e-03 1.404212016718354127e-02 6.450215150948727105e-01 -2.073779492489811749e-01 1.615707743260543037e-03
-2.711917879666557729e-01 1.126734067642183937e-02 1.140453807414806495e-02 8.534534977768318820e-01 -6.003447578199541113e-01 -2.308335037141010654e-03 -4.410875147184348810e-01 9.219693881127878285e-03 1.402187647419221757e-02 6.506320845239761397e-01 -2.164044344251105922e-01 1.516727750369278264e-03
-2.821792017298635491e-01 1.132181365140621197e-02 1.130787278096403135e-02 8.649416457787604262e-01 -6.008462827222315061e-01 -2.232877025044481545e-03 -4.375487845797093045e-01 9.254671325490375008e-03 1.400319642949196877e-02 6.559923225601912433e-01 -2.253024141252790158e-01 1.417791096423513114e-03
-2.928562615776754696e-01 1.137097756056027961e-02 1.121535264900623899e-02 8.756285375086205747e-01 -6.008569252417266249e-01 -2.156259249973019928e-03 -4.338910157006707902e-01 9.288194619176135328e-03 1.398606731810132266e-02 6.611075113529859548e-01 -2.340743872918891466e-01 1.318896271129112391e-03
-3.032323619031518369e-01 1.141507438214372887e-02 1.112694341221944459e-02 8.855393751521459800e-01 -6.003924907642315123e-01 -2.078510826286082518e-03 -4.301168119175470261e-01 9.320304502381953488e-03 1.397047733343218488e-02 6.659825265753617218e-01 -2.427226254051040588e-01 1.220041884368515753e-03
-3.133154853581003318e-01 1.145432314796575833e-02 1.104261744108085523e-02 8.946963962390852565e-01 -5.994672319578274733e-01 -1.999661021452236054e-03 -4.262286127914123868e-01 9.351038463430060704e-03 1.395641550230159247e-02 6.706218706090677495e-01 -2.512491909573557614e-01 1.121226657312355927e-03
-3.231123645531454591e-01 1.148892255385305233e-02 1.096235283078151636e-02 9.031192290334366657e-01 -5.980940424425569280e-01 -1.919739317347403948e-03 -4.222287066268178846e-01 9.380430969087921386e-03 1.394387161833143297e-02 6.750297019637576668e-01 -2.596559538519535026e-01 1.022449414539459978e-03
-3.326286173106122179e-01 1.151905312588169007e-02 1.088613263584681246e-02 9.108251883963435214e-01 -5.962846173832980767e-01 -1.838775455766484190e-03 -4.181192420172447077e-01 9.408513669200577190e-03 1.393283618266165196e-02 6.792098614140260615e-01 -2.679446059929649904e-01 9.237090770361258392e-04
-3.418688603837649609e-01 1.154487902408678733e-02 1.081394422445168188e-02 9.178295230943114280e-01 -5.940495870643626164e-01 -1.756799470816309194e-03 -4.139022381011010498e-01 9.435315578815106630e-03 1.392330035106592069e-02 6.831658952644232841e-01 -2.761166742927195772e-01 8.250046559662375500e-04
-3.508368054715680362e-01 1.156654954753832606e-02 1.074577873163872800e-02 9.241456231079592243e-01 -5.913986281713669024e-01 -1.673841710287048059e-03 -4.095795936844218721e-01 9.460863240501183116e-03 1.391525588669535393e-02 6.869010760909769475e-01 -2.841735322892825488e-01 7.263352471194195904e-04
-3.595353405338629904e-01 1.158420039112394682e-02 1.068163059516664959e-02 9.297851936599360601e-01 -5.883405564937420618e-01 -1.589932847668412306e-03 -4.051530953635942289e-01 9.485180869175257115e-03 1.390869511778839232e-02 6.904184212566804035e-01 -2.921164105380216203e-01 6.277000259584446197e-04
-3.679665987781094993e-01 1.159795469396607444e-02 1.062149716118519771e-02 9.347584012695137057e-01 -5.848834039839337917e-01 -1.505103886147924610e-03 -4.006244247622318677e-01 9.508290481404224614e-03 1.390361089977963822e-02 6.937207094554980191e-01 -2.999464059176688013e-01 5.290982431979584979e-04
-3.761320171958701386e-01 1.160792391130628480e-02 1.056537834962680521e-02 9.390739960445361190e-01 -5.810344825055592244e-01 -1.419386155674633903e-03 -3.959951649801092821e-01 9.530212010882423146e-03 1.389999658132159456e-02 6.968104955032048409e-01 -3.076644899712775993e-01 4.305292208569311838e-04
-3.840323861393605820e-01 1.161420853532513578e-02 1.051327637132104011e-02 9.427394135591611324e-01 -5.768004361284322368e-01 -1.332811303970919767e-03 -3.912668063384714401e-01 9.550963411540453613e-03 1.389784597379888943e-02 6.996901235629794380e-01 -3.152715163856644187e-01 3.319923487339225738e-04
-3.916678911193957058e-01 1.161689868530310296e-02 1.046519549051882526e-02 9.457608589795436504e-01 -5.721872834511272377e-01 -1.245411282217770942e-03 -3.864407514943754562e-01 9.570560749539699930e-03 1.389715332397412073e-02 7.023617389676154454e-01 -3.227682276985319176e-01 2.334870812640239888e-04
-3.990381477565060342e-01 1.161607458345110741e-02 1.042114182786683246e-02 9.481433755458676949e-01 -5.672004511275812177e-01 -1.157218326015390904e-03 -3.815183199868119601e-01 9.589018285237121617e-03 1.389791328945132187e-02 7.048272987780670462e-01 -3.301552613102344269e-01 1.350129347181008269e-04
-4.061422306124415349e-01 1.161180692939929072e-02 1.038112319998093884e-02 9.498908990656159679e-01 -5.618447995253107452e-01 -1.068264932114744523e-03 -3.765007522688767483e-01 9.606348546052660350e-03 1.390012091668717253e-02 7.070885811990941239e-01 -3.374331548666709701e-01 3.656948471497818552e-05
-4.129786964584821751e-01 1.160415718356303319e-02 1.034514899268716009e-02 9.510062996946230252e-01 -5.561246412352892632e-01 -9.785838313351733278e-04 -3.713892132728985329e-01 9.622562391047626007e-03 1.390377162131380996e-02 7.091471939563203097e-01 -3.446023510707092452e-01 -6.184363598374792166e-05
-4.195456023913952670e-01 1.159317776724765395e-02 1.031323006578373398e-02 9.514914119601399767e-01 -5.500437529768102962e-01 -8.882079580081167535e-04 -3.661847955491329687e-01 9.637669067907984541e-03 1.390886117057053839e-02 7.110045817249271982e-01 -3.516632019717482738e-01 -1.602267394182605548e-04
-4.258405190805388263e-01 1.157891218531010950e-02 1.028537868786102288e-02 9.513470536982798764e-01 -5.436053812861590950e-01 -7.971704162273759563e-04 -3.608885220130349514e-01 9.651676262929894529e-03 1.391538566766811584e-02 7.126620326877235456e-01 -3.586159727761375482e-01 -2.585800841346577446e-04
-4.318605393149552718e-01 1.156139507536681210e-02 1.026160850033194620e-02 9.505730343243234959e-01 -5.368122422386969461e-01 -7.055044431297539465e-04 -3.555013483313582134e-01 9.664590144522439835e-03 1.392334153793198248e-02 7.141206842896569151e-01 -3.654608452152706688e-01 -3.569038766683095554e-04
-4.376022819123481233e-01 1.154065218584806804e-02 1.024193451040057538e-02 9.491681526174368111e-01 -5.296665153239940027e-01 -6.132433693790937963e-04 -3.500241649729707860e-01 9.676415400661116106e-03 1.393272551659425693e-02 7.153815282461104541e-01 -3.721979205028050353e-01 -4.551982728182425806e-04
-4.430618909483994838e-01 1.151670028358193695e-02 1.022637311325434555e-02 9.471301839718775373e-01 -5.221698314676229691e-01 -5.204205769766852415e-04 -3.444577989465708590e-01 9.687155270665923079e-03 1.394353463811946921e-02 7.164454148540405631e-01 -3.788272219078723801e-01 -5.534633787289882983e-04
-4.482350301606211618e-01 1.148954698998027810e-02 1.021494214433059031e-02 9.444558568351354433e-01 -5.143232550658591862e-01 -4.270694544722081578e-04 -3.388030152439834852e-01 9.696811571608683622e-03 1.395576622696944463e-02 7.173130566471900282e-01 -3.853486969668334372e-01 -6.516992517864830976e-04
-4.531168722718666997e-01 1.145919054323137412e-02 1.020766096310357987e-02 9.411408178107772970e-01 -5.061272597659594030e-01 -3.332233495959680642e-04 -3.330605180047633840e-01 9.705384719606474295e-03 1.396941788972392261e-02 7.179850314299978109e-01 -3.917622193524722962e-01 -7.499059013393114936e-04
-4.577020828599920321e-01 1.142561948211311823e-02 1.020455057049040465e-02 9.371795846393315976e-01 -4.975816975788733276e-01 -2.389155192782470825e-04 -3.272309514148988852e-01 9.712873746203904562e-03 1.398448750848918856e-02 7.184617847183043526e-01 -3.980675904159300948e-01 -8.480832892522068402e-04
-4.619847982669694209e-01 1.138881224504690627e-02 1.020563376271285683e-02 9.325654859733735202e-01 -4.886857607472988030e-01 -1.441790769562586701e-04 -3.213149003499370937e-01 9.719276309999132918e-03 1.400097323553927027e-02 7.187436316093940292e-01 -4.042645404136012144e-01 -9.462313302952945473e-04
-4.659585968868184547e-01 1.134873667573511706e-02 1.021093532531013558e-02 9.272905865190675945e-01 -4.794379356020119776e-01 -4.904693700001006360e-05 -3.153128907703314776e-01 9.724588703626548675e-03 1.401887348914470505e-02 7.188307580983208656e-01 -4.103527294281329452e-01 -1.044349892374279694e-03
-4.696164629894161724e-01 1.130534942404020152e-02 1.022048227202430881e-02 9.213455957089305981e-01 -4.698359474142549952e-01 4.644824400361595717e-05 -3.092253898745818130e-01 9.728805856166117261e-03 1.403818695055531439e-02 7.187232218524736149e-01 -4.163317479899185103e-01 -1.142438796604368801e-03
-4.729507420170817045e-01 1.125859522755553316e-02 1.023430413452043782e-02 9.147197575782233248e-01 -4.598766949797806203e-01 1.422741294651185440e-04 -3.030528060134942137e-01 9.731921331006183548e-03 1.405891256211425425e-02 7.184209524513218703e-01 -4.222011174026930602e-01 -1.240497817226999741e-03
-4.759530860202302871e-01 1.120840605538080646e-02 1.025243331044427969e-02 9.074007189121601202e-01 -4.495561733355587508e-01 2.383987689992163187e-04 -2.967954883667419663e-01 9.733927319149768970e-03 1.408104952648909537e-02 7.179237510935130295e-01 -4.279602897742262324e-01 -1.338526681371180870e-03
-4.786143875609761289e-01 1.115470009074960751e-02 1.027490547923609783e-02 8.993743719764611955e-01 -4.388693825929413372e-01 3.347906692634693084e-04 -2.904537263807492886e-01 9.734814627909782817e-03 1.410459730701747565e-02 7.172312897686669020e-01 -4.336086477504347836e-01 -1.436525068655416333e-03
-4.809246999874446371e-01 1.109738052301368141e-02 1.030176009755827751e-02 8.906246671907922519e-01 -4.278102203442498697e-01 4.314188702775455936e-04 -2.840277489647789477e-01 9.734572664901233394e-03 1.412955562917264131e-02 7.163431098864354585e-01 -4.391455039486018563e-01 -1.534492610628816972e-03
-4.828731414366130292e-01 1.103633411167358538e-02 1.033304098931189970e-02 8.811333898861705149e-01 -4.163713544262803157e-01 5.282530283202810286e-04 -2.775177234398613080e-01 9.733189417192589232e-03 1.415592448316572299e-02 7.152586203504038842e-01 -4.445701000826435267e-01 -1.632428890045184693e-03
-4.844477792188906506e-01 1.097142947506414036e-02 1.036879704925634110e-02 8.708798937121750017e-01 -4.045440719536382290e-01 6.252635068257053532e-04 -2.709237542329362980e-01 9.730651425437233937e-03 1.418370412771046904e-02 7.139770950593417043e-01 -4.498816057705669058e-01 -1.730333439965265089e-03
-4.856354903161269054e-01 1.090251504313917083e-02 1.040908308453993361e-02 8.598407811999986272e-01 -3.923180993966352004e-01 7.224214771306838130e-04 -2.642458813060394873e-01 9.726943752754096950e-03 1.421289509498886022e-02 7.124976698126711527e-01 -4.550791170111497808e-01 -1.828205742677653815e-03
-4.864217925053556657e-01 1.082941659642454139e-02 1.045396082545507407e-02 8.479895192622274314e-01 -3.796813869728030144e-01 8.196990314836687672e-04 -2.574840783078971573e-01 9.722049948080558474e-03 1.424349819686479904e-02 7.108193385914958196e-01 -4.601616543138276616e-01 -1.926045228430092043e-03
-4.867906389879253504e-01 1.075193428997101540e-02 1.050350014612310041e-02 8.352959737618848024e-01 -3.666198486055282091e-01 9.170693114779267414e-04 -2.506382504323259597e-01 9.715952003661019326e-03 1.427551453240782919e-02 7.089409491799345542e-01 -4.651281604621433363e-01 -2.023851273958945495e-03
-4.867241671897438726e-01 1.066983902967069513e-02 1.055778054855591175e-02 8.217258423364489639e-01 -3.531170459706128861e-01 1.014506656089455422e-03 -2.437082319647899675e-01 9.708630306275178173e-03 1.430894549680074984e-02 7.068611980847047116e-01 -4.699774978873478837e-01 -2.121623200803112851e-03
-4.862023893552611664e-01 1.058286802509493009e-02 1.061689298106507223e-02 8.072399578633245865e-01 -3.391538013956829078e-01 1.111986774897819660e-03 -2.366937834950134656e-01 9.700063581741595956e-03 1.434379279172059464e-02 7.045786247032130856e-01 -4.747084456245223572e-01 -2.219360273386484107e-03
-4.852028083136420422e-01 1.049071928280889340e-02 1.068094208644008135e-02 7.917934254705915054e-01 -3.247077191392680473e-01 1.209486954014959981e-03 -2.295945887697044829e-01 9.690228832156984329e-03 1.438005843729801315e-02 7.020916046818194145e-01 -4.793196958188359891e-01 -2.317061696850964119e-03
-4.836999357812616918e-01 1.039304471887448657e-02 1.075004900998236326e-02 7.753345425590356665e-01 -3.097525871533754471e-01 1.306986305008453822e-03 -2.224102511550922201e-01 9.679101265243121588e-03 1.441774478577997030e-02 6.993983423962532031e-01 -4.838098497442220869e-01 -2.414726614616950935e-03
-4.816646818919352313e-01 1.028944144642174492e-02 1.082435494748913360e-02 7.578034319232073157e-01 -2.942576207285975687e-01 1.404466071086178658e-03 -2.151402896740901016e-01 9.666654215079180379e-03 1.445685453703978406e-02 6.964968624752319037e-01 -4.881774132907149566e-01 -2.512354105647924933e-03
-4.790635718973091928e-01 1.017944061372452573e-02 1.090402568682065192e-02 7.391302895713637300e-01 -2.781864936829704371e-01 1.501910010660983345e-03 -2.077841345772603598e-01 9.652859053382813539e-03 1.449739075610426663e-02 6.933850002757737663e-01 -4.924207918697773856e-01 -2.609943181389328456e-03
-4.758577268331961041e-01 1.006249289738323643e-02 1.098925750717431871e-02 7.192331060574136403e-01 -2.614960791173415178e-01 1.599304887210321012e-03 -2.003411224003142643e-01 9.637685090376843164e-03 1.453935689289344996e-02 6.900603912043060673e-01 -4.965382846789878624e-01 -2.707492782349034659e-03
-4.720015154972352911e-01 9.937949338876988711e-03 1.108028497020260329e-02 6.980146543199282627e-01 -2.441347853948560853e-01 1.696641107877319525e-03 -1.928104904534693465e-01 9.621099464130297707e-03 1.458275680440071845e-02 6.865204587611308806e-01 -5.005280782583502175e-01 -2.805001774281214340e-03
-4.674407385461231690e-01 9.805035555198321484e-03 1.117739140587924174e-02 6.753584330086725984e-01 -2.260403155286452581e-01 1.793913574666731363e-03 -1.851913706792652770e-01 9.603067017088549179e-03 1.462759477957826029e-02 6.827624011663502301e-01 -5.043882392597250908e-01 -2.902468943928004832e-03
-4.621101296964506555e-01 9.662816283481489438e-03 1.128092333410034287e-02 6.511230847883254791e-01 -2.071365845016371887e-01 1.891122846986998838e-03 -1.774827828054654222e-01 9.583550158311986492e-03 1.467387556723347836e-02 6.787831764030787252e-01 -5.081167063386089477e-01 -2.999892994270544032e-03
-4.559298310529457665e-01 9.510145413350268306e-03 1.139131080262445993e-02 6.251345230480775950e-01 -1.873293709524863071e-01 1.988276773249831111e-03 -1.696836267077517224e-01 9.562508709701732224e-03 1.472160440729439884e-02 6.745794854871522972e-01 -5.117112810627735264e-01 -3.097272539227716604e-03
-4.559299893103228585e-01 9.510054817557138732e-03 1.139137956775870472e-02 6.251343096528587662e-01 -1.873290085898800528e-01 1.988414127280633929e-03 -1.696836739665688321e-01 9.562493621624753443e-03 1.472160941765335643e-02 6.745795208540417143e-01 -5.117112666873500082e-01 -3.097259206149333491e-03
-4.529531055869803757e-01 9.550347240862273532e-03 1.137429779949383594e-02 6.316483398198597943e-01 -1.968191355272828347e-01 1.901423160071422438e-03 -1.851605442030901105e-01 9.715617731016711750e-03 1.459395330049933180e-02 6.971393550997551092e-01 -5.187943679156528098e-01 -3.020448939186928979e-03
-4.498434778861446492e-01 9.589292651564801373e-03 1.135884467320937875e-02 6.378907225146434046e-01 -2.061703599962164402e-01 1.814460504641491733e-03 -2.000495413093869856e-01 9.857222618506761985e-03 1.447131048250947273e-02 7.182541722078229496e-01 -5.250204152642000688e-01 -2.942201322312541431e-03
-4.466046179211741740e-01 9.626937070816323633e-03 1.134500192808252268e-02 6.438683880083672095e-01 -2.153860999515783414e-01 1.727524288941527635e-03 -2.144019487275222180e-01 9.988327681963162993e-03 1.435348140701147961e-02 7.380407755431853678e-01 -5.304549188270335502e-01 -2.862565615320225836e-03
-4.432398095277134686e-01 9.663322217163965860e-03 1.133275256276326283e-02 6.495877560262678374e-01 -2.244694910002673072e-01 1.640613087077319497e-03 -2.282603203195268937e-01 1.010979303549741637e-02 1.424030342969707409e-02 7.565966885817868581e-01 -5.351528397418454652e-01 -2.781586077782584581e-03
-4.397521139293690817e-01 9.698486272828526350e-03 1.132208090445847685e-02 6.550547415099406967e-01 -2.334233866004143954e-01 1.553725594285818197e-03 -2.416602857625659850e-01 1.022235286501088289e-02 1.413164293096577304e-02 7.740041928204817179e-01 -5.391608224929426152e-01 -2.699304005228860340e-03
-4.361443896284729616e-01 9.732464169447804445e-03 1.131297248868621229e-02 6.602747993629140000e-01 -2.422503829144618259e-01 1.466860617153748197e-03 -2.546319026576437938e-01 1.032663998735828051e-02 1.402738948879223707e-02 7.903333445437741300e-01 -5.425188593530635428e-01 -2.615758498359225560e-03
-4.324193099089904124e-01 9.765287839796651589e-03 1.130541395323624888e-02 6.652529638705659831e-01 -2.509528407246498505e-01 1.380017065014077764e-03 -2.672006799059176707e-01 1.042320444492552886e-02 1.392745146506806954e-02 8.056442570587403207e-01 -5.452615490776482332e-01 -2.530987040069752805e-03
-4.285793782791944562e-01 9.796986440139368243e-03 1.129939294438071958e-02 6.699938835263308246e-01 -2.595329048152045237e-01 1.293193942346114109e-03 -2.793883651399849954e-01 1.051252781276738706e-02 1.383175260598002755e-02 8.199888556547191287e-01 -5.474190643062927242e-01 -2.445025934073601429e-03
-4.246269421289673995e-01 9.827586547105329057e-03 1.129489803370366079e-02 6.745018518781261685e-01 -2.679925211602837698e-01 1.206390342049265757e-03 -2.912135595084914819e-01 1.059503436353358141e-02 1.374022938414855635e-02 8.334122466543378849e-01 -5.490179057297051024e-01 -2.357910641785970242e-03
-4.205642048332997041e-01 9.857112332371310501e-03 1.129191864417223266e-02 6.787808349121637885e-01 -2.763334522032395713e-01 1.119605439475710893e-03 -3.026922039386479857e-01 1.067109988932285827e-02 1.365282889288236406e-02 8.459537990865344526e-01 -5.500814974212940855e-01 -2.269676043035565114e-03
-4.163932364979366918e-01 9.885585717924770532e-03 1.129044498428627245e-02 6.828344954116634113e-01 -2.845572904687642679e-01 1.032838487128289644e-03 -3.138379682323352293e-01 1.074105874894781300e-02 1.356950715790841526e-02 8.576480089895632819e-01 -5.506306619807710412e-01 -2.180356638765759952e-03
-4.121159835135551619e-01 9.913026514265042138e-03 1.129046798931738517e-02 6.866662146618902618e-01 -2.926654707129345279e-01 9.460888099425132170e-04 -3.246625656639425817e-01 1.080520955205881671e-02 1.349022776933790115e-02 8.685251969492816526e-01 -5.506840034233181358e-01 -2.089986708864301733e-03
-4.077342770603397670e-01 9.939452543550724925e-03 1.129197926879449421e-02 6.902791118181310637e-01 -3.006592807858903260e-01 8.593558010836033299e-04 -3.351760097221575530e-01 1.086381978257326686e-02 1.341496076255857713e-02 8.786120760222771997e-01 -5.502582183190388720e-01 -1.998600434775286636e-03
-4.032498406841760752e-01 9.964879749406930012e-03 1.129497105951628860e-02 6.936760612070611565e-01 -3.085398713563716755e-01 7.726389182010975909e-04 -3.453868253844735170e-01 1.091712958686974141e-02 1.334368169503601098e-02 8.879322176976324199e-01 -5.493683504457379518e-01 -1.906231994091636467e-03
-3.986642970484730597e-01 9.989322294863147919e-03 1.129943618347183446e-02 6.968597077934830519e-01 -3.163082646260783615e-01 6.859376800891361188e-04 -3.553022242624303551e-01 1.096535489695600954e-02 1.327637087911852538e-02 8.965064367421063940e-01 -5.480280004603064192e-01 -1.812915632569305976e-03
-3.939791739510132285e-01 1.001279264968243238e-02 1.130536801013849908e-02 6.998324810117562134e-01 -3.239653621437548758e-01 5.992516637104429141e-04 -3.649282507351603866e-01 1.100869001858106357e-02 1.321301274047908397e-02 9.043531108191888990e-01 -5.462494993604520843e-01 -1.718685717724067422e-03
-3.891959096828691012e-01 1.003530166816660532e-02 1.131276042269952278e-02 7.025966071335928431e-01 -3.315119518136435128e-01 5.125805015466727930e-04 -3.742699045504280786e-01 1.104730978456208192e-02 1.315359527885950723e-02 9.114884471182100878e-01 -5.440440524928914501e-01 -1.623576777235138284e-03
-3.843158577958566413e-01 1.005685865837182419e-02 1.132160778778563102e-02 7.051541203202909003e-01 -3.389487141798911973e-01 4.259238792428402453e-04 -3.833312441480172250e-01 1.108137135138752977e-02 1.309810961303513842e-02 9.179267055000683850e-01 -5.414218593590149897e-01 -1.527623524675144348e-03
-3.793402913360116591e-01 1.007747144353983437e-02 1.133190492839883726e-02 7.075068724873654347e-01 -3.462762280573828400e-01 3.392815335177596812e-04 -3.921154740341752931e-01 1.111101570035881794e-02 1.304654959588593885e-02 9.236803856023816373e-01 -5.383922133315864889e-01 -1.430860874562174577e-03
-3.742704065927968116e-01 1.009714641643535277e-02 1.134364709972392540e-02 7.096565420921682188e-01 -3.534949755698829077e-01 2.526532503198764077e-04 -4.006250188270307211e-01 1.113636889166506709e-02 1.299891148849734689e-02 9.287603837683722219e-01 -5.349635845264384404e-01 -1.333323948321875211e-03
-3.691073264070232063e-01 1.011588858719083932e-02 1.135682996756938283e-02 7.116046419400563483e-01 -3.606053466480518832e-01 1.660388632026671397e-04 -4.088615860441871530e-01 1.115754310983220129e-02 1.295519368455851431e-02 9.331761244425859081e-01 -5.311436884007203485e-01 -1.235048072443097403e-03
-3.638521030746935669e-01 1.013370162516573705e-02 1.137144958921846097e-02 7.133525260917383815e-01 -3.676076430327634981e-01 7.943825190798604191e-05 -4.168262192739403682e-01 1.117463753118073944e-02 1.291539647816508478e-02 9.369356697208253149e-01 -5.269395421233604715e-01 -1.136068769862859287e-03
-3.585057208788021699e-01 1.015058789526251254e-02 1.138750239649727325e-02 7.149013959428925924e-01 -3.745020818227729476e-01 -7.148658862587526521e-06 -4.245193430307975802e-01 1.118773903774660135e-02 1.287952186958598449e-02 9.400458099843961302e-01 -5.223575103469423331e-01 -1.036421745430014850e-03
-3.530690982767223374e-01 1.016654848906849672e-02 1.140498518089638758e-02 7.162523055372853609e-01 -3.812887986003364316e-01 -9.372190049667446666e-05 -4.319408003222685033e-01 1.119692279714924049e-02 1.284757340472214918e-02 9.425121379410537070e-01 -5.174033416762415793e-01 -9.361428661422847896e-04
-3.475430897667957097e-01 1.018158325114121646e-02 1.142389508060277607e-02 7.174061661656566669e-01 -3.879678501634291621e-01 -1.802814613551090544e-04 -4.390898837307039004e-01 1.120225272384476993e-02 1.281955604493574714e-02 9.443391078997933619e-01 -5.120821968566461324e-01 -8.352681367290108305e-04
-3.419284874542001251e-01 1.019569080069627869e-02 1.144422956932272285e-02 7.183637502947249898e-01 -3.945392168888392503e-01 -2.668272874967271341e-04 -4.459653606288224714e-01 1.120378183384428128e-02 1.279547606471805737e-02 9.455300816961276222e-01 -5.063986694803608302e-01 -7.338336710490408034e-04
-3.362260223330283404e-01 1.020886854891411670e-02 1.146598644679238527e-02 7.191256948636417512e-01 -4.010028047465324930e-01 -3.533592832532339405e-04 -4.525654929908490831e-01 1.120155250213925209e-02 1.277534097533197625e-02 9.460873623371415242e-01 -5.003567998176758902e-01 -6.318756596876349803e-04
-3.304363652985399802e-01 1.022111271203512625e-02 1.148916383089164210e-02 7.196925039785981859e-01 -4.073584469820243359e-01 -4.398773116590386136e-04 -4.588880521252525768e-01 1.119559662961792761e-02 1.275915947314723055e-02 9.460122161343361702e-01 -4.939600822152601101e-01 -5.294303340614046286e-04
-3.245601279009602824e-01 1.023241832037303199e-02 1.151376015129115110e-02 7.200645510304839458e-01 -4.136059054802943558e-01 -5.263811947401230351e-04 -4.649303285336910396e-01 1.118593572406579098e-02 1.274694141190612848e-02 9.453048838231973283e-01 -4.872114663557609582e-01 -4.265339272753058465e-04
-3.185978628496821119e-01 1.024277922333942034e-02 1.153977414457711508e-02 7.202420802549056589e-01 -4.197448718216830188e-01 -6.128707136660750806e-04 -4.706891369887762910e-01 1.117258089782533631e-02 1.273869779864343632e-02 9.439645809199288529e-01 -4.801133525365225418e-01 -3.232226319117416456e-04
-3.125500642744039603e-01 1.025218809053415545e-02 1.156720485081196362e-02 7.202252077486597237e-01 -4.257749680373391632e-01 -6.993456087664139944e-04 -4.761608168158753540e-01 1.115553278276620180e-02 1.273444081345054789e-02 9.419894873272676161e-01 -4.726675809941009443e-01 -2.195325548752597377e-04
-3.064171677475218125e-01 1.026063640892121639e-02 1.159605161150202741e-02 7.200139219518268963e-01 -4.316957470690676035e-01 -7.858055794113721687e-04 -4.813412272571375716e-01 1.113478136130260920e-02 1.273418385374628335e-02 9.393767259632371802e-01 -4.648754151702587656e-01 -1.154996693550692556e-04
-3.001995500699220498e-01 1.026811447607679263e-02 1.162631406895488044e-02 7.196080835998014402e-01 -4.375066929357406265e-01 -8.722502837577744174e-04 -4.862257376849056234e-01 1.111030571022363078e-02 1.273794160420968664e-02 9.361223299393299779e-01 -4.567375186787936414e-01 -1.115976390838236445e-05
-2.938975288201800540e-01 1.027461138945872515e-02 1.165799216702227518e-02 7.190074251447976517e-01 -4.432072206058122465e-01 -9.586793383570913017e-04 -4.908092123118539263e-01 1.108207365198015520e-02 1.274573013407190487e-02 9.322211975473616574e-01 -4.482539255851403226e-01 9.345161140318591594e-05
-2.875113616650887827e-01 1.028011503161298072e-02 1.169108615323567225e-02 7.182115496417238454e-01 -4.487966755729079216e-01 -1.045092317622643317e-03 -4.950859889116862034e-01 1.105004130572690910e-02 1.275756702406844259e-02 9.276670340160193540e-01 -4.394240034460035194e-01 1.982992019620528283e-04
-2.810412454271810634e-01 1.028461205119673462e-02 1.172559658235390080e-02 7.172199290882891320e-01 -4.542743331286835384e-01 -1.131488753153132030e-03 -4.990498509105327773e-01 1.101415252772625433e-02 1.277347152606165930e-02 9.224522786545988895e-01 -4.302464083664458427e-01 3.033481088564070121e-04
-2.744873149027565185e-01 1.028808783965707088e-02 1.176152432135565626e-02 7.160319022043870607e-01 -4.596393973244955466e-01 -1.217868132904704592e-03 -5.026939920281470187e-01 1.097433822756769921e-02 1.279346475917897408e-02 9.165680155964961440e-01 -4.207190311080283851e-01 4.085638527826663396e-04
-2.678496414215019716e-01 1.029052650336650075e-02 1.179887055592156869e-02 7.146466716304225031e-01 -4.648909996104572673e-01 -1.304229900206306915e-03 -5.060109724297503497e-01 1.093051554287322556e-02 1.281756994732925412e-02 9.100038658667820579e-01 -4.108389330115995719e-01 5.139124420400348336e-04
-2.611282311363221642e-01 1.029191083097095137e-02 1.183763679846562208e-02 7.130633005187120288e-01 -4.700281971374035139e-01 -1.390573452608892839e-03 -5.089926650819789344e-01 1.088258685053847263e-02 1.284581270420992460e-02 9.027478578999502679e-01 -4.006022701675678865e-01 6.193604452176098554e-04
-2.543230230292696792e-01 1.029222225565937579e-02 1.187782489778997641e-02 7.112807084860288676e-01 -4.750499707039363417e-01 -1.476898140558495108e-03 -5.116301906733585758e-01 1.083043858682540897e-02 1.287822137348231324e-02 8.947862728889429684e-01 -3.900042038545502576e-01 7.248750693629649579e-04
-2.474338866165287087e-01 1.029144081201186119e-02 1.191943705045385264e-02 7.092976668888005820e-01 -4.799552223271243978e-01 -1.563203265881652620e-03 -5.139138390397042233e-01 1.077393984141515777e-02 1.291482743376673632e-02 8.861034604071361676e-01 -3.790387947479652020e-01 8.304242446508060867e-04
-2.404606193321542074e-01 1.028954508702415414e-02 1.196247581396517844e-02 7.071127933752255901e-01 -4.847427724114115044e-01 -1.649488080068006648e-03 -5.158329744983439769e-01 1.071294068133647227e-02 1.295566598064423411e-02 8.766816185452865895e-01 -3.676988777370365780e-01 9.359767168765953426e-04
-2.334029435666273022e-01 1.028651216484435978e-02 1.200694412192327733e-02 7.047245456604511737e-01 -4.894113564858239562e-01 -1.735751782335556801e-03 -5.173759218018035844e-01 1.064727014884536346e-02 1.300077630112180145e-02 8.665005312556299799e-01 -3.559759133322134006e-01 1.041502149477933643e-03
-2.262605033322546977e-01 1.028231756468118985e-02 1.205284530126379122e-02 7.021312144619554774e-01 -4.939596214745992642e-01 -1.821993517458064728e-03 -5.185298285156100251e-01 1.057673386187465113e-02 1.305020256030409338e-02 8.555372535703626991e-01 -3.438598105261509996e-01 1.146971237294021773e-03
-2.190328605228272496e-01 1.027693517126387381e-02 1.210018309178164525e-02 6.993309155219871176e-01 -4.983861214606782331e-01 -1.908212373334421813e-03 -5.192804984268866164e-01 1.050111112527151759e-02 1.310399462568263493e-02 8.437657326845989791e-01 -3.313387144924286321e-01 1.252355834935411959e-03
-2.117194907297364759e-01 1.027033715713670560e-02 1.214896166813720334e-02 6.963215806322828882e-01 -5.026893128950830070e-01 -1.994407378273745785e-03 -5.196121889873485111e-01 1.042015143377963103e-02 1.316220906204045894e-02 8.311563493120572854e-01 -3.183987505275945318e-01 1.357629103522308952e-03
-2.043197785707613623e-01 1.026249389596527867e-02 1.219918566458302010e-02 6.931009475629085204e-01 -5.068675491978313907e-01 -2.080577497968777879e-03 -5.195073636219554869e-01 1.033357021081725627e-02 1.322491034025909638e-02 8.176753588683072227e-01 -3.050237129613847520e-01 1.462765680753184494e-03
-1.968330124808184145e-01 1.025337386590477289e-02 1.225086020268720613e-02 6.896665487816396878e-01 -5.109190746875122979e-01 -2.166721632123634611e-03 -5.189463867504203742e-01 1.024104357647086933e-02 1.329217231744496408e-02 8.032842053699292828e-01 -2.911946840779255363e-01 1.567741880908110012e-03
-1.892583789060375277e-01 1.024294354193752352e-02 1.230399092237240317e-02 6.860156988325840643e-01 -5.148420177668684428e-01 -2.252838610698251146e-03 -5.179071452099343054e-01 1.014220186760894128e-02 1.336408006549681497e-02 7.879386716471270535e-01 -2.768895629593240426e-01 1.672535933694519654e-03
-1.815949558331834413e-01 1.023116727591839512e-02 1.235858401664105370e-02 6.821454802218879232e-01 -5.186343832802290388e-01 -2.338927189725952590e-03 -5.163645738783965156e-01 1.003662153326845795e-02 1.344073215313310726e-02 7.715878163110504451e-01 -2.620824768966468210e-01 1.777128274086689323e-03
-1.738417055756094343e-01 1.021800716286876305e-02 1.241464627041711025e-02 6.780527276341823395e-01 -5.222940439452642414e-01 -2.424986046652482293e-03 -5.142900548123978677e-01 9.923814884839222278e-03 1.352224352660431894e-02 7.541726289607355582e-01 -2.467430375431096667e-01 1.881501899999464544e-03
-1.659974667241939650e-01 1.020342289183137630e-02 1.247218510400379191e-02 6.737340102749713733e-01 -5.258187307458347393e-01 -2.511013775139214407e-03 -5.116506467521573231e-01 9.803216969784788945e-03 1.360874919336690220e-02 7.356243072716027731e-01 -2.308353886050639736e-01 1.985642821514105576e-03
-1.580609451566265533e-01 1.018737157932217939e-02 1.253120862174079281e-02 6.691856121004780000e-01 -5.292060221540949572e-01 -2.597008879260218929e-03 -5.084080831488558827e-01 9.674168521605476176e-03 1.370040900160143967e-02 7.158620178317799398e-01 -2.143169687899666165e-01 2.089540635703070453e-03
-1.500307039805843234e-01 1.016980758309674569e-02 1.259172566654113978e-02 6.644035096566378584e-01 -5.324533320280260273e-01 -2.682969767016589891e-03 -5.045174481434386848e-01 9.535893453501621819e-03 1.379741394460641188e-02 6.947899384014302182e-01 -1.971368782696478195e-01 2.193189276975209597e-03
-1.419051522651383346e-01 1.015068229356043406e-02 1.265374588110524008e-02 6.593833472015554475e-01 -5.355578960043904102e-01 -2.768894743072581374e-03 -4.999253945905108854e-01 9.387468597869338613e-03 1.389999463398450437e-02 6.722932779556457517e-01 -1.792336809440935874e-01 2.296588017927866238e-03
-1.336825323892330275e-01 1.012994389969406814e-02 1.271727977674971463e-02 6.541204087287817437e-01 -5.385167561756514232e-01 -2.854782000605826306e-03 -4.945676944614053605e-01 9.227782149352306909e-03 1.400843293518853547e-02 6.482328060189923580e-01 -1.605323837078746763e-01 2.399742836507231820e-03
-1.253609058056114334e-01 1.010753712581589567e-02 1.278233881095536782e-02 6.486095864406562495e-01 -5.413267438017625999e-01 -2.940629612144779036e-03 -4.883657876919231255e-01 9.055475173875926140e-03 1.412307834813534245e-02 6.224371450310405285e-01 -1.409401804377592160e-01 2.502668334092313270e-03
-1.169381369815814808e-01 1.008340293483096957e-02 1.284893547494309410e-02 6.428453451383395745e-01 -5.439844597620846489e-01 -3.026435519240329615e-03 -4.812217775289266419e-01 8.868856872351194368e-03 1.424437174926672031e-02 5.946915921255117032e-01 -1.203402791036824876e-01 2.605390509950695349e-03
-1.084118752331864471e-01 1.005747819281252974e-02 1.291708339283229728e-02 6.368216818949362645e-01 -5.464862523973228470e-01 -3.112197520793594154e-03 -4.730109193465427686e-01 8.665777532909663822e-03 1.437288101333919835e-02 5.647213400011857898e-01 -9.858263483753046397e-02 2.707950920061136420e-03
