-0.181354 -0.026122 0.037053 0.347402 -0.168752 0.042417 -0.125778 0.043216 -0.038107 0.314735 -0.191655 -0.043100
-0.180870 -0.026869 0.036748 0.347762 -0.169994 0.043867 -0.122861 0.044136 -0.037958 0.313201 -0.193414 -0.042841
-0.179584 -0.027681 0.036827 0.346340 -0.169914 0.045200 -0.121386 0.043365 -0.037793 0.311465 -0.193156 -0.041209
-0.177810 -0.028807 0.037046 0.343492 -0.169058 0.046554 -0.120332 0.042199 -0.037469 0.310303 -0.193163 -0.038220
-0.175440 -0.030264 0.037320 0.339048 -0.167284 0.047872 -0.120094 0.040496 -0.037083 0.310765 -0.194071 -0.032155
-0.172337 -0.031834 0.037544 0.332842 -0.164402 0.049181 -0.121288 0.038259 -0.036783 0.314316 -0.196222 -0.020056
-0.168304 -0.033048 0.037718 0.324460 -0.160168 0.050441 -0.124904 0.036233 -0.036641 0.322425 -0.197350 -0.007031
-0.163107 -0.033564 0.037698 0.313411 -0.154311 0.051610 -0.131313 0.034993 -0.036888 0.335447 -0.195368 0.003050
-0.156653 -0.033297 0.037525 0.299448 -0.146697 0.052748 -0.140455 0.034688 -0.037411 0.353042 -0.189606 0.009469
-0.149126 -0.032502 0.037366 0.282869 -0.137538 0.053754 -0.152208 0.034828 -0.037938 0.375193 -0.181721 0.016447
-0.141220 -0.032058 0.037326 0.264985 -0.127550 0.054608 -0.166694 0.034706 -0.038547 0.404330 -0.174598 0.024356
-0.133973 -0.032293 0.037607 0.247814 -0.117837 0.055454 -0.184112 0.035380 -0.035260 0.446230 -0.211049 0.014884
-0.127929 -0.032604 0.038169 0.232800 -0.109273 0.056144 -0.203130 0.037275 -0.028419 0.495695 -0.256328 -0.002181
-0.122327 -0.033174 0.038623 0.219526 -0.101643 0.056744 -0.221418 0.038820 -0.022365 0.546592 -0.288399 -0.005186
-0.116687 -0.034044 0.038948 0.207483 -0.094773 0.057287 -0.237665 0.039759 -0.017716 0.595318 -0.308331 -0.006368
-0.111294 -0.035021 0.039234 0.196899 -0.088810 0.057753 -0.251575 0.040266 -0.014015 0.639945 -0.321294 -0.006564
-0.106450 -0.035987 0.039489 0.188005 -0.083857 0.058121 -0.263099 0.040420 -0.011030 0.679341 -0.331497 -0.006314
-0.102345 -0.036858 0.039669 0.180972 -0.079963 0.058299 -0.272151 0.040171 -0.008834 0.712553 -0.342011 -0.005887
-0.099023 -0.037617 0.039817 0.175805 -0.077187 0.058514 -0.278721 0.039455 -0.007362 0.739020 -0.354615 -0.005426
-0.096454 -0.038265 0.039932 0.172332 -0.075399 0.058644 -0.282883 0.038228 -0.006517 0.758484 -0.369710 -0.005000
-0.094621 -0.038828 0.040022 0.170386 -0.074501 0.058735 -0.284769 0.036491 -0.006137 0.770816 -0.386782 -0.004640
-0.093481 -0.039337 0.040083 0.169758 -0.074354 0.058790 -0.284542 0.034294 -0.006059 0.776079 -0.404878 -0.004354
-0.092971 -0.039804 0.040095 0.170237 -0.074853 0.058606 -0.282351 0.031724 -0.006189 0.774439 -0.422998 -0.004145
-0.093016 -0.040230 0.040003 0.171686 -0.075930 0.058610 -0.278129 0.029004 -0.006270 0.765456 -0.439300 -0.004057
-0.093580 -0.040580 0.039766 0.174047 -0.077468 0.058410 -0.271754 0.026355 -0.006067 0.748550 -0.451945 -0.004089
-0.094661 -0.040854 0.039413 0.177391 -0.079610 0.058142 -0.263181 0.023970 -0.005447 0.723481 -0.459847 -0.004198
-0.096276 -0.041070 0.039024 0.181784 -0.082377 0.057714 -0.252626 0.021932 -0.004531 0.690981 -0.462174 -0.004363
-0.098365 -0.041225 0.038631 0.187218 -0.085729 0.057098 -0.240305 0.020319 -0.003617 0.652136 -0.458112 -0.004543
-0.100923 -0.041290 0.038194 0.193776 -0.089774 0.056323 -0.226485 0.019184 -0.003257 0.608195 -0.446633 -0.004608
-0.103974 -0.041216 0.037708 0.201503 -0.094488 0.055376 -0.211540 0.018598 -0.003971 0.560538 -0.426751 -0.004663
-0.107605 -0.041008 0.037192 0.210535 -0.099929 0.054279 -0.195930 0.018533 -0.006263 0.510707 -0.398263 -0.005124
-0.111984 -0.040766 0.036836 0.221102 -0.106237 0.053008 -0.180563 0.018838 -0.010462 0.461780 -0.364038 -0.006216
-0.117173 -0.040721 0.036784 0.233277 -0.113365 0.051644 -0.166186 0.019263 -0.016238 0.416799 -0.329064 -0.007718
-0.123136 -0.041370 0.036940 0.246869 -0.121173 0.050307 -0.153184 0.019006 -0.024144 0.377862 -0.301977 -0.008912
-0.129486 -0.042702 0.037697 0.260802 -0.129041 0.049294 -0.143314 0.018766 -0.029385 0.349443 -0.275030 -0.027938
-0.134592 -0.041735 0.039690 0.271310 -0.134977 0.048371 -0.143115 0.019506 -0.028284 0.341788 -0.244608 -0.029107
-0.136967 -0.040979 0.040178 0.277202 -0.138367 0.047290 -0.144269 0.020046 -0.028206 0.343236 -0.238572 -0.029352
-0.137181 -0.041074 0.040034 0.279027 -0.139746 0.045697 -0.144205 0.019864 -0.028432 0.342878 -0.230372 -0.030612
-0.136434 -0.041889 0.040074 0.278277 -0.139807 0.044422 -0.143817 0.018944 -0.028796 0.340617 -0.217942 -0.031583
-0.135314 -0.043054 0.040570 0.276120 -0.139099 0.043118 -0.143589 0.017721 -0.028477 0.337638 -0.203490 -0.032634
-0.134981 -0.044037 0.041096 0.274997 -0.139013 0.041593 -0.144151 0.016622 -0.028330 0.335823 -0.190811 -0.033705
-0.134792 -0.043493 0.041527 0.274480 -0.139247 0.040325 -0.145556 0.017159 -0.027950 0.338211 -0.191488 -0.035142
-0.134096 -0.042429 0.041362 0.273597 -0.139301 0.038914 -0.144683 0.018316 -0.027996 0.336860 -0.191596 -0.037100
-0.134062 -0.040604 0.041151 0.273644 -0.139871 0.036418 -0.143408 0.020142 -0.028123 0.333854 -0.190478 -0.038805
-0.134919 -0.038128 0.040873 0.275506 -0.141363 0.031087 -0.141304 0.022421 -0.028315 0.328746 -0.188147 -0.040435
-0.137533 -0.036125 0.040580 0.280105 -0.140144 0.031978 -0.138189 0.024548 -0.028778 0.321302 -0.184498 -0.042042
-0.142804 -0.034429 0.040145 0.289633 -0.137741 0.032560 -0.133777 0.026251 -0.029495 0.311018 -0.179221 -0.043491
-0.150710 -0.033226 0.039820 0.304116 -0.133914 0.031480 -0.128121 0.027269 -0.030223 0.298061 -0.172360 -0.044934
-0.161411 -0.032685 0.039323 0.323564 -0.127968 0.029891 -0.121484 0.027536 -0.031280 0.282998 -0.164295 -0.046336
-0.174750 -0.033010 0.033410 0.350464 -0.126971 0.011574 -0.114512 0.027698 -0.032305 0.267164 -0.155694 -0.047576
-0.189815 -0.034750 0.025008 0.386402 -0.159651 0.005192 -0.108182 0.028073 -0.032651 0.252526 -0.147489 -0.048624
-0.207124 -0.036663 0.019148 0.431843 -0.203490 0.001785 -0.103027 0.028660 -0.032993 0.239902 -0.140332 -0.049832
-0.225161 -0.038100 0.016887 0.482955 -0.239539 0.000786 -0.098249 0.029520 -0.033447 0.228721 -0.133970 -0.050751
-0.241883 -0.039510 0.015420 0.533498 -0.265547 0.000478 -0.093564 0.030512 -0.033746 0.218774 -0.128341 -0.051567
-0.257129 -0.040966 0.013884 0.581050 -0.285038 0.000285 -0.089499 0.031531 -0.034037 0.210408 -0.123646 -0.052322
-0.270525 -0.042389 0.012366 0.623686 -0.300092 0.000146 -0.086279 0.032481 -0.034274 0.203884 -0.120001 -0.052782
-0.281789 -0.043606 0.011044 0.660173 -0.313253 0.000035 -0.084010 0.033363 -0.034456 0.199356 -0.117446 -0.053215
-0.290929 -0.044415 0.010159 0.690360 -0.326925 -0.000158 -0.082648 0.034195 -0.034634 0.196730 -0.116033 -0.053624
-0.297928 -0.044714 0.009701 0.714190 -0.342303 -0.000441 -0.082105 0.035001 -0.034833 0.195874 -0.115638 -0.053949
-0.302814 -0.044511 0.009546 0.731667 -0.359638 -0.000805 -0.082289 0.035783 -0.035047 0.196624 -0.116165 -0.054203
-0.305584 -0.043882 0.009585 0.742647 -0.378308 -0.001253 -0.083114 0.036521 -0.035236 0.198824 -0.117524 -0.054399
-0.306108 -0.042972 0.009693 0.746495 -0.396946 -0.001774 -0.084530 0.037153 -0.035316 0.202408 -0.119714 -0.054543
-0.304171 -0.041903 0.009775 0.742176 -0.413678 -0.002344 -0.086498 0.037629 -0.035247 0.207293 -0.122616 -0.054597
-0.299863 -0.040642 0.009961 0.729582 -0.427653 -0.002928 -0.088977 0.037978 -0.035093 0.213341 -0.126199 -0.054499
-0.293300 -0.039139 0.010521 0.708916 -0.437892 -0.003440 -0.091913 0.038259 -0.034883 0.220426 -0.130410 -0.054419
-0.284569 -0.037414 0.011803 0.680490 -0.442824 -0.003722 -0.095263 0.038471 -0.034628 0.228511 -0.135230 -0.054314
-0.273836 -0.035510 0.014261 0.644981 -0.440887 -0.003631 -0.099010 0.038600 -0.034336 0.237615 -0.140667 -0.054090
-0.261338 -0.033571 0.018106 0.603388 -0.430614 -0.003099 -0.103132 0.038627 -0.034033 0.247746 -0.146727 -0.053734
-0.247394 -0.031757 0.023346 0.556945 -0.409896 -0.002105 -0.107661 0.038568 -0.033725 0.258986 -0.153494 -0.053293
-0.232347 -0.030172 0.029564 0.507102 -0.377795 -0.000789 -0.112698 0.038519 -0.033379 0.271486 -0.160937 -0.052648
-0.216963 -0.028684 0.035736 0.457205 -0.341320 -0.000153 -0.118408 0.038829 -0.032992 0.285449 -0.169159 -0.051914
-0.201854 -0.026744 0.039969 0.411713 -0.325809 -0.003671 -0.124738 0.040215 -0.032389 0.300630 -0.177939 -0.051150
-0.193003 -0.028221 0.042393 0.386649 -0.285628 0.037807 -0.130900 0.040601 -0.032923 0.314916 -0.186181 -0.050035
-0.189238 -0.029385 0.042183 0.373634 -0.250773 0.038402 -0.133983 0.039260 -0.034184 0.323488 -0.191555 -0.049173
-0.185625 -0.030070 0.041830 0.364476 -0.229508 0.038917 -0.134207 0.038531 -0.034491 0.326512 -0.193759 -0.047841
-0.182604 -0.029893 0.041639 0.356895 -0.212320 0.039689 -0.132979 0.038711 -0.034669 0.325736 -0.194049 -0.046831
-0.180642 -0.029113 0.041112 0.350958 -0.197022 0.040258 -0.131415 0.039528 -0.035186 0.323444 -0.193484 -0.046283
-0.179742 -0.027950 0.040281 0.346838 -0.183163 0.040833 -0.129981 0.040712 -0.036143 0.321027 -0.192887 -0.045725
-0.179741 -0.026632 0.039351 0.344612 -0.171283 0.041425 -0.128886 0.042017 -0.037287 0.319158 -0.192601 -0.045110
-0.180957 -0.025768 0.038234 0.346119 -0.167991 0.040831 -0.128095 0.042780 -0.038600 0.317790 -0.192546 -0.043979
-0.180956 -0.025781 0.037463 0.347731 -0.169517 0.042010 -0.126071 0.042894 -0.039103 0.315244 -0.191973 -0.043147
-0.180109 -0.026092 0.037317 0.347689 -0.170232 0.043411 -0.124248 0.042633 -0.039045 0.313096 -0.191467 -0.041508
-0.178804 -0.026882 0.037421 0.346206 -0.170144 0.044769 -0.122717 0.041889 -0.038845 0.311188 -0.191117 -0.039864
-0.177010 -0.028004 0.037653 0.343319 -0.169295 0.046139 -0.121611 0.040736 -0.038499 0.309903 -0.191071 -0.036929
-0.174624 -0.029466 0.037944 0.338855 -0.167534 0.047468 -0.121311 0.039042 -0.038090 0.310229 -0.191916 -0.031003
-0.171511 -0.031050 0.038197 0.332638 -0.164672 0.048803 -0.122455 0.036816 -0.037754 0.313652 -0.193980 -0.019233
-0.167486 -0.032282 0.038398 0.324277 -0.160470 0.050058 -0.126018 0.034805 -0.037577 0.321620 -0.194986 -0.006685
-0.162304 -0.032818 0.038403 0.313266 -0.154658 0.051239 -0.132367 0.033580 -0.037777 0.334489 -0.192904 0.002898
-0.155874 -0.032569 0.038263 0.299362 -0.147098 0.052374 -0.141454 0.033286 -0.038235 0.351931 -0.187077 0.008863
-0.148378 -0.031819 0.038137 0.282870 -0.138017 0.053406 -0.153154 0.033370 -0.038681 0.374017 -0.179393 0.016146
-0.140530 -0.031432 0.038121 0.265132 -0.128131 0.054261 -0.167617 0.033245 -0.039110 0.403426 -0.172475 0.023598
-0.133356 -0.031696 0.038390 0.248145 -0.118550 0.055074 -0.184961 0.034087 -0.035541 0.445673 -0.209403 0.009191
-0.127370 -0.032064 0.038968 0.233264 -0.110084 0.055824 -0.203871 0.035949 -0.028292 0.495337 -0.254626 0.003774
-0.121789 -0.032675 0.039467 0.220123 -0.102563 0.056416 -0.222044 0.037511 -0.022264 0.546535 -0.286625 0.001169
-0.116167 -0.033564 0.039802 0.208241 -0.095817 0.056954 -0.238162 0.038560 -0.017528 0.595576 -0.306472 -0.000307
-0.110847 -0.034538 0.040085 0.197822 -0.089970 0.057408 -0.252015 0.039233 -0.013737 0.640537 -0.319542 -0.001261
-0.106058 -0.035509 0.040326 0.189011 -0.085087 0.057753 -0.263500 0.039507 -0.010825 0.680213 -0.330031 -0.001789
-0.101995 -0.036394 0.040490 0.182006 -0.081232 0.057938 -0.272513 0.039358 -0.008710 0.713609 -0.340827 -0.002021
-0.098711 -0.037156 0.040619 0.176852 -0.078489 0.058092 -0.279038 0.038746 -0.007298 0.740160 -0.353674 -0.002127
-0.096174 -0.037812 0.040719 0.173389 -0.076730 0.058224 -0.283145 0.037607 -0.006504 0.759619 -0.368989 -0.002188
-0.094362 -0.038383 0.040789 0.171442 -0.075855 0.058316 -0.284968 0.035943 -0.006173 0.771882 -0.386255 -0.002245
-0.093237 -0.038900 0.040836 0.170806 -0.075727 0.058341 -0.284684 0.033803 -0.006138 0.777035 -0.404523 -0.002313
-0.092738 -0.039380 0.040843 0.171289 -0.076295 0.058231 -0.282445 0.031278 -0.006294 0.775270 -0.422792 -0.002406
-0.092786 -0.039822 0.040736 0.172696 -0.077288 0.058135 -0.278192 0.028569 -0.006414 0.766178 -0.439203 -0.002578
-0.093362 -0.040186 0.040498 0.175071 -0.078892 0.057989 -0.271793 0.025947 -0.006191 0.749144 -0.451906 -0.002827
-0.094457 -0.040451 0.040142 0.178436 -0.081080 0.057584 -0.263203 0.023591 -0.005546 0.723938 -0.459841 -0.003121
-0.096087 -0.040659 0.039754 0.182847 -0.083842 0.057152 -0.252637 0.021581 -0.004596 0.691280 -0.462193 -0.003442
-0.098208 -0.040810 0.039349 0.188344 -0.087278 0.056553 -0.240315 0.019970 -0.003680 0.652266 -0.458140 -0.003764
-0.100802 -0.040861 0.038896 0.194975 -0.091419 0.055748 -0.226504 0.018825 -0.003349 0.608153 -0.446634 -0.003951
-0.103897 -0.040760 0.038398 0.202787 -0.096192 0.054769 -0.211577 0.018229 -0.004111 0.560318 -0.426681 -0.004112
-0.107567 -0.040514 0.037876 0.211910 -0.101696 0.053622 -0.195996 0.018161 -0.006465 0.510336 -0.398073 -0.004658
-0.111980 -0.040236 0.037520 0.222566 -0.108033 0.052366 -0.180669 0.018461 -0.010708 0.461300 -0.363709 -0.005813
-0.117203 -0.040170 0.037462 0.234841 -0.115222 0.051008 -0.166344 0.018864 -0.016508 0.416262 -0.328689 -0.007340
-0.123198 -0.040830 0.037606 0.248527 -0.123097 0.049670 -0.153408 0.018540 -0.024450 0.377356 -0.302011 -0.008474
-0.129588 -0.041776 0.038052 0.262496 -0.130942 0.048772 -0.144256 0.018921 -0.027566 0.350944 -0.267868 -0.014985
-0.134792 -0.041495 0.039606 0.273178 -0.136881 0.048283 -0.143051 0.019728 -0.027017 0.342692 -0.244499 -0.026847
-0.137383 -0.040904 0.040154 0.279138 -0.140371 0.046579 -0.144535 0.020272 -0.026575 0.344052 -0.236714 -0.030014
-0.137726 -0.041220 0.039935 0.281039 -0.141714 0.045065 -0.144676 0.019836 -0.026989 0.343826 -0.227566 -0.031035
-0.137050 -0.042156 0.039983 0.280397 -0.141833 0.043755 -0.144507 0.018771 -0.027365 0.341960 -0.215032 -0.031945
-0.135988 -0.043354 0.040474 0.278388 -0.141201 0.042503 -0.144481 0.017501 -0.027153 0.339519 -0.201319 -0.032964
-0.135660 -0.044197 0.041021 0.277302 -0.141139 0.040842 -0.145350 0.016620 -0.026959 0.339132 -0.192849 -0.035139
-0.135071 -0.043379 0.041104 0.276291 -0.141142 0.039394 -0.146036 0.017442 -0.026695 0.340673 -0.194060 -0.036172
-0.134456 -0.042023 0.040987 0.275439 -0.141225 0.038358 -0.145040 0.018832 -0.026761 0.338689 -0.193457 -0.037012
-0.134379 -0.040010 0.040842 0.275368 -0.141767 0.036123 -0.143456 0.020868 -0.026884 0.334897 -0.191909 -0.038800
-0.135327 -0.037715 0.040609 0.277080 -0.142203 0.033939 -0.141218 0.023175 -0.027089 0.329378 -0.189372 -0.040635
-0.138222 -0.035664 0.040245 0.282256 -0.141341 0.033718 -0.137970 0.025278 -0.027564 0.321590 -0.185525 -0.042294
-0.143621 -0.033944 0.039828 0.292151 -0.139264 0.032333 -0.133463 0.026881 -0.028211 0.311124 -0.180122 -0.043880
-0.151648 -0.032836 0.039524 0.306848 -0.135085 0.030908 -0.127699 0.027771 -0.028946 0.297989 -0.173157 -0.045322
-0.162419 -0.032411 0.039059 0.326419 -0.128767 0.029313 -0.120973 0.027910 -0.029968 0.282774 -0.164975 -0.046648
-0.175789 -0.032875 0.033095 0.353293 -0.127269 0.011409 -0.113939 0.027952 -0.030980 0.266842 -0.156304 -0.047850
-0.190825 -0.034699 0.024687 0.389052 -0.159725 0.005318 -0.107555 0.028254 -0.031326 0.252130 -0.148042 -0.048856
-0.208082 -0.036645 0.018793 0.434144 -0.203258 0.001931 -0.102380 0.028811 -0.031679 0.239468 -0.140844 -0.050049
-0.226079 -0.038097 0.016432 0.484855 -0.239079 0.000899 -0.097613 0.029664 -0.032161 0.228292 -0.134459 -0.050972
-0.242765 -0.039503 0.014880 0.535003 -0.264947 0.000552 -0.092941 0.030670 -0.032493 0.218367 -0.128825 -0.051796
-0.257975 -0.040946 0.013297 0.582182 -0.284364 0.000330 -0.088886 0.031711 -0.032815 0.210031 -0.124122 -0.052536
-0.271344 -0.042356 0.011758 0.624495 -0.299402 0.000172 -0.085671 0.032689 -0.033085 0.203536 -0.120496 -0.053005
-0.282598 -0.043563 0.010452 0.660740 -0.312594 0.000049 -0.083402 0.033597 -0.033292 0.199013 -0.117895 -0.053425
-0.291744 -0.044363 0.009612 0.690762 -0.326307 -0.000155 -0.082045 0.034456 -0.033488 0.196403 -0.116458 -0.053798
-0.298764 -0.044662 0.009218 0.714494 -0.341712 -0.000445 -0.081513 0.035287 -0.033698 0.195564 -0.116036 -0.054138
-0.303677 -0.044472 0.009131 0.731920 -0.359051 -0.000813 -0.081706 0.036088 -0.033925 0.196326 -0.116541 -0.054387
-0.306480 -0.043863 0.009240 0.742891 -0.377715 -0.001264 -0.082542 0.036839 -0.034130 0.198536 -0.117878 -0.054553
-0.307042 -0.042981 0.009414 0.746770 -0.396339 -0.001785 -0.083965 0.037479 -0.034230 0.202111 -0.120028 -0.054675
-0.305142 -0.041946 0.009553 0.742509 -0.413059 -0.002356 -0.085941 0.037961 -0.034178 0.206987 -0.122896 -0.054724
-0.300865 -0.040726 0.009776 0.729984 -0.427036 -0.002941 -0.088429 0.038313 -0.034041 0.213024 -0.126444 -0.054610
-0.294326 -0.039265 0.010358 0.709406 -0.437290 -0.003453 -0.091372 0.038596 -0.033849 0.220093 -0.130615 -0.054538
-0.285613 -0.037586 0.011638 0.681079 -0.442242 -0.003735 -0.094722 0.038805 -0.033615 0.228149 -0.135392 -0.054414
-0.274890 -0.035722 0.014076 0.645685 -0.440349 -0.003645 -0.098473 0.038932 -0.033342 0.237221 -0.140783 -0.054173
-0.262394 -0.033822 0.017878 0.604216 -0.430152 -0.003113 -0.102592 0.038957 -0.033060 0.247311 -0.146792 -0.053814
-0.248441 -0.032041 0.023055 0.557897 -0.409573 -0.002113 -0.107112 0.038892 -0.032772 0.258484 -0.153455 -0.053328
-0.233366 -0.030480 0.029197 0.508139 -0.377601 -0.000776 -0.112136 0.038840 -0.032450 0.270928 -0.160889 -0.052677
-0.217930 -0.029015 0.035316 0.458240 -0.341010 -0.000057 -0.117834 0.039135 -0.032081 0.284818 -0.169047 -0.051944
-0.202759 -0.027117 0.039582 0.412619 -0.324539 -0.003408 -0.124161 0.040476 -0.031506 0.299951 -0.177788 -0.051172
-0.193691 -0.028359 0.042076 0.387252 -0.285214 0.035570 -0.130324 0.040907 -0.032077 0.314215 -0.186019 -0.050132
-0.189719 -0.029674 0.041688 0.373833 -0.251089 0.038722 -0.133487 0.039608 -0.033330 0.322864 -0.191389 -0.049001
-0.186196 -0.030362 0.041399 0.364799 -0.230079 0.039213 -0.133802 0.038873 -0.033589 0.325928 -0.193578 -0.047820
-0.183193 -0.030210 0.041260 0.357241 -0.213040 0.039974 -0.132604 0.039027 -0.033718 0.325138 -0.193813 -0.046825
-0.181174 -0.029454 0.040767 0.351182 -0.197643 0.040566 -0.131037 0.039821 -0.034191 0.322824 -0.193216 -0.046310
-0.180213 -0.028325 0.039956 0.346923 -0.183669 0.041170 -0.129599 0.040969 -0.035127 0.320386 -0.192579 -0.045679
-0.180153 -0.027038 0.039039 0.344553 -0.171632 0.041761 -0.128508 0.042240 -0.036258 0.318514 -0.192264 -0.045035
-0.181226 -0.026022 0.037928 0.345611 -0.167319 0.040719 -0.127737 0.043127 -0.037571 0.317179 -0.192194 -0.043976
